0 air	                                 0.00000000	1.00000000	1.00000000	0.00000000E+000
1 cerebral_cortex 	                 0.59515458	56.44398499	33.05709076	3.51972652E-011
2 white_matter 	                        0.34836939	41.28079033	24.37136650	3.35850722E-011
3 cerebellum 	                       0.82605255	58.15469742	35.19484711	6.82758780E-011
4 midbrain 	                        0.34836939	41.28079033	24.37136650	3.35850722E-011
5 eyeball 	                         1.44514167	67.71049214	10.30803776	8.27143302E-012
6 optic_nerve 	                         0.35986477	34.74881363	20.98018456	3.65079009E-011
7 cornea 	                          1.06887341	57.84246635	32.37210846	2.87477611E-011
8 the_crystalline_lens 	                0.34613180	37.82515335	18.28276825	2.10985136E-011
9 pituitary_gland 	                 0.80907071	60.54281044	27.70847893	1.77068464E-011
10 thalamus 	                       0.59515458	56.44398499	33.05709076	3.51972652E-011
11 hypothalamus 	               0.59515458	56.44398499	33.05709076	3.51972652E-011
12 pineal_gland 	               0.80907071	60.54281044	27.70847893	1.77068464E-011
13 tongue 	                         0.69344097	56.52260780	28.25727081	2.04540135E-011
14 cerebrospinal_fluid 	                2.14390564	70.39963913	33.14797211	1.81622616E-011
15 right_suprarenal_body(gland) 	0.80907071	60.54281044	27.70847893	1.77068464E-011
16 urinary_bladder 	                0.30010962	19.33148861	9.67463303	2.08416045E-011
18 colon_(large_intestine) 	        0.71641898	61.12129974	34.66533279	3.11704239E-011
20 duodenum  	                      0.91899437	66.27923393	31.50330162	1.89756596E-011
21 esophagus 	                      0.91899437	66.27923393	31.50330162	1.89756596E-011
23 gall_bladder 	               1.04225028	60.73483276	28.18050003	1.59106617E-011
24 heart 	                      1.01880646	63.54899597	34.90967941	2.88596560E-011
25 right_kidney 	               0.85720283	67.50839424	39.85999298	6.06079908E-011
26 liver 	                      0.52030158	50.15293502	27.98551559	3.56627956E-011
27 right_lung 	                         0.45216662	38.25424575	21.43600845	2.73953464E-011
29 pancreas 	                       0.80907071	60.54281044	27.70847893	1.77068464E-011
30 prostate_gland 	                 0.80907071	60.54281044	27.70847893	1.77068464E-011
31 small_intestine 	                1.70134962	65.79007912	39.19070053	4.58777842E-011
32 spleen 	                         0.84441698	62.58494759	37.11508179	4.26902229E-011
33 stomach 	                        0.91899437	66.27923393	31.50330162	1.89756596E-011
37 nasal_cavity 	               0.00000000	1.00000000	1.00000000	0.00000000E+000
38 thyroid_gland 	              0.80898708	60.55047417	27.73882103	1.77273439E-011
39 trachea 	                        0.56548506	43.18475723	22.14025688	2.25001805E-011
45 bone 	                       0.10401546	14.16905880	7.36329556	3.41064989E-011
48 fat 	                                0.03710634	5.53071189	3.99812841	2.36329289E-011
49 muscle 	                         0.74710494	56.93144607	28.00134277	1.86721420E-011
51 skin 	                       0.54073572	47.93014336	29.85054779	4.36257593E-011
55 diaphragm 	                         0.74710494	56.93144607	28.00134277	1.86721420E-011
56 seminal_vesicle 	                0.80907071	60.54281044	27.70847893	1.77068464E-011
57 body_of_erectile_tissue 	        1.25574398	62.90047836	30.59756851	2.10197831E-011
80 spinal_cord 	                        0.35986477	34.74881363	20.98018456	3.65079009E-011
82 paranasal_sinus 	                0.00000000	1.00000000	1.00000000	0.00000000E+000
83 testicle 	                       0.93375176	62.06441498	31.30603409	2.11258597E-011
84 left_kidney 	                        0.85720283	67.50839424	39.85999298	6.06079908E-011
85 left_lung 	                      0.45216662	38.25424575	21.43600845	2.73953464E-011
86 epiglottis 	                         0.49346393	44.55864907	19.39198685	2.99815103E-011
87 oral_cavity 	                        0.00000000	1.00000000	1.00000000	0.00000000E+000
88 external_ear 	               0.00000000	1.00000000	1.00000000	0.00000000E+000
89 salivary_gland 	                 0.80907071	60.54281044	27.70847893	1.77068464E-011
90 middle_ear 	                         0.05478248	7.31782723	3.96209121	3.77117643E-011
91 inner_ear 	                      2.14390564	70.39963913	33.14797211	1.81622616E-011
92 pharynx 	                        0.56548506	43.18475723	22.14025688	2.25001805E-011
94 left_suprarenal_body(gland) 	        0.80907071	60.54281044	27.70847893	1.77068464E-011

! <mcode> <mdesc>                       <sigma>        <eps_s>          <eps_i>         <tau_1>
